20
17
8
14
9
0
12
19
11
2
3
1
7
13
6
10
18
4
16
15
5
==             ==
21             0
==             ==
17
8
14
9
0
12
19
11
2
3
1
7
13
6
10
18
4
16
15
5              20
==             ==
20             1
==             ==
8
14
9
0
12
19
11
2
3
1
7
13
6
10
18
4
16
15             17
5              20
==             ==
19             2
==             ==
8
14
9
0
12
19
11
2
3
1
7
13
6
10
18
4
16
15             20
5              17
==             ==
19             2
==             ==
14
9
0
12
19
11
2
3
1
7
13
6
10
18
4
16             8
15             20
5              17
==             ==
18             3
==             ==
14
9
0
12
19
11
2
3
1
7
13
6
10
18
4
16             20
15             17
5              8
==             ==
18             3
==             ==
5
14
9
0
12
19
11
2
3
1
7
13
6
10
18
4              20
16             17
15             8
==             ==
18             3
==             ==
14
9
0
12
19
11
2
3
1
7
13
6
10
18             5
4              20
16             17
15             8
==             ==
17             4
==             ==
14
9
0
12
19
11
2
3
1
7
13
6
10
18             20
4              17
16             8
15             5
==             ==
17             4
==             ==
9
0
12
19
11
2
3
1
7
13
6
10
18
4              20
16             17
15             8
14             5
==             ==
17             4
==             ==
0
12
19
11
2
3
1
7
13
6
10
18
4
16             20
15             17
14             8
9              5
==             ==
17             4
==             ==
12
19
11
2
3
1
7
13
6
10
18
4              0
16             20
15             17
14             8
9              5
==             ==
16             5
==             ==
12
19
11
2
3
1
7
13
6
10
18
4              20
16             17
15             8
14             5
9              0
==             ==
16             5
==             ==
19
11
2
3
1
7
13
6
10
18
4
16             17
15             8
14             5
9              0
12             20
==             ==
16             5
==             ==
11
2
3
1
7
13
6
10
18
4              19
16             17
15             8
14             5
9              0
12             20
==             ==
15             6
==             ==
11
2
3
1
7
13
6
10
18
4              20
16             19
15             17
14             8
9              5
12             0
==             ==
15             6
==             ==
11
2
3
1
7
13
6
10
18
4              0
16             20
15             19
14             17
9              8
12             5
==             ==
15             6
==             ==
2
3
1
7
13
6
10
18
4
16             0
15             20
14             19
9              17
12             8
11             5
==             ==
15             6
==             ==
3
1
7
13
6
10
18
4              2
16             0
15             20
14             19
9              17
12             8
11             5
==             ==
14             7
==             ==
3
1
7
13
6
10
18
4              0
16             20
15             19
14             17
9              8
12             5
11             2
==             ==
14             7
==             ==
3
1
7
13
6
10
18
4              20
16             19
15             17
14             8
9              5
12             2
11             0
==             ==
14             7
==             ==
3
1
7
13
6
10
18
4              0
16             20
15             19
14             17
9              8
12             5
11             2
==             ==
14             7
==             ==
1
7
13
6
10
18
4
16             0
15             20
14             19
9              17
12             8
11             5
3              2
==             ==
14             7
==             ==
7
13
6
10
18
4              1
16             0
15             20
14             19
9              17
12             8
11             5
3              2
==             ==
13             8
==             ==
7
13
6
10
18
4              0
16             20
15             19
14             17
9              8
12             5
11             2
3              1
==             ==
13             8
==             ==
7
13
6
10
18
4              20
16             19
15             17
14             8
9              5
12             2
11             1
3              0
==             ==
13             8
==             ==
13
6
10
18
4
16             19
15             17
14             8
9              5
12             2
11             1
3              0
7              20
==             ==
13             8
==             ==
13
6
10
18
4
16             17
15             8
14             5
9              2
12             1
11             0
3              20
7              19
==             ==
13             8
==             ==
13
6
10
18
4
16             8
15             5
14             2
9              1
12             0
11             20
3              19
7              17
==             ==
13             8
==             ==
6
10
18
4              13
16             8
15             5
14             2
9              1
12             0
11             20
3              19
7              17
==             ==
12             9
==             ==
6
10
18
4              17
16             13
15             8
14             5
9              2
12             1
11             0
3              20
7              19
==             ==
12             9
==             ==
6
10
18
4              19
16             17
15             13
14             8
9              5
12             2
11             1
3              0
7              20
==             ==
12             9
==             ==
6
10
18
4              20
16             19
15             17
14             13
9              8
12             5
11             2
3              1
7              0
==             ==
12             9
==             ==
10
18
4
16             19
15             17
14             13
9              8
12             5
11             2
3              1
7              0
6              20
==             ==
12             9
==             ==
18
4
16
15             17
14             13
9              8
12             5
11             2
3              1
7              0
6              20
10             19
==             ==
12             9
==             ==
4
16             18
15             17
14             13
9              8
12             5
11             2
3              1
7              0
6              20
10             19
==             ==
11             10
==             ==
4
16             19
15             18
14             17
9              13
12             8
11             5
3              2
7              1
6              0
10             20
==             ==
11             10
==             ==
4
16             20
15             19
14             18
9              17
12             13
11             8
3              5
7              2
6              1
10             0
==             ==
11             10
==             ==
4
16             0
15             20
14             19
9              18
12             17
11             13
3              8
7              5
6              2
10             1
==             ==
11             10
==             ==
4
16             1
15             0
14             20
9              19
12             18
11             17
3              13
7              8
6              5
10             2
==             ==
11             10
==             ==
4
16             2
15             1
14             0
9              20
12             19
11             18
3              17
7              13
6              8
10             5
==             ==
11             10
==             ==
               4
16             2
15             1
14             0
9              20
12             19
11             18
3              17
7              13
6              8
10             5
==             ==
10             11
==             ==
               2
16             1
15             0
14             20
9              19
12             18
11             17
3              13
7              8
6              5
10             4
==             ==
10             11
==             ==
               1
16             0
15             20
14             19
9              18
12             17
11             13
3              8
7              5
6              4
10             2
==             ==
10             11
==             ==
               0
16             20
15             19
14             18
9              17
12             13
11             8
3              5
7              4
6              2
10             1
==             ==
10             11
==             ==
               20
16             19
15             18
14             17
9              13
12             8
11             5
3              4
7              2
6              1
10             0
==             ==
10             11
==             ==
               19
16             18
15             17
14             13
9              8
12             5
11             4
3              2
7              1
6              0
10             20
==             ==
10             11
==             ==
               18
16             17
15             13
14             8
9              5
12             4
11             2
3              1
7              0
6              20
10             19
==             ==
10             11
==             ==
               17
16             13
15             8
14             5
9              4
12             2
11             1
3              0
7              20
6              19
10             18
==             ==
10             11
==             ==
               13
16             8
15             5
14             4
9              2
12             1
11             0
3              20
7              19
6              18
10             17
==             ==
10             11
==             ==
               16
               13
               8
15             5
14             4
9              2
12             1
11             0
3              20
7              19
6              18
10             17
=              =
9              12
=              =
               17
               16
               13
15             8
14             5
9              4
12             2
11             1
3              0
7              20
6              19
10             18
=              =
9              12
=              =
               18
               17
               16
15             13
14             8
9              5
12             4
11             2
3              1
7              0
6              20
10             19
=              =
9              12
=              =
               19
               18
               17
15             16
14             13
9              8
12             5
11             4
3              2
7              1
6              0
10             20
=              =
9              12
=              =
               20
               19
               18
15             17
14             16
9              13
12             8
11             5
3              4
7              2
6              1
10             0
=              =
9              12
=              =
               19
               18
               17
15             16
14             13
9              8
12             5
11             4
3              2
7              1
6              0
10             20
=              =
9              12
=              =
               18
               17
               16
15             13
14             8
9              5
12             4
11             2
3              1
7              0
6              20
10             19
=              =
9              12
=              =
               17
               16
               13
15             8
14             5
9              4
12             2
11             1
3              0
7              20
6              19
10             18
=              =
9              12
=              =
               16
               13
               8
15             5
14             4
9              2
12             1
11             0
3              20
7              19
6              18
10             17
=              =
9              12
=              =
               13
               8
               5
15             4
14             2
9              1
12             0
11             20
3              19
7              18
6              17
10             16
=              =
9              12
=              =
               15
               13
               8
               5
               4
14             2
9              1
12             0
11             20
3              19
7              18
6              17
10             16
=              =
8              13
=              =
               16
               15
               13
               8
               5
14             4
9              2
12             1
11             0
3              20
7              19
6              18
10             17
=              =
8              13
=              =
               17
               16
               15
               13
               8
14             5
9              4
12             2
11             1
3              0
7              20
6              19
10             18
=              =
8              13
=              =
               18
               17
               16
               15
               13
14             8
9              5
12             4
11             2
3              1
7              0
6              20
10             19
=              =
8              13
=              =
               19
               18
               17
               16
               15
14             13
9              8
12             5
11             4
3              2
7              1
6              0
10             20
=              =
8              13
=              =
               20
               19
               18
               17
               16
14             15
9              13
12             8
11             5
3              4
7              2
6              1
10             0
=              =
8              13
=              =
               0
               20
               19
               18
               17
14             16
9              15
12             13
11             8
3              5
7              4
6              2
10             1
=              =
8              13
=              =
               1
               0
               20
               19
               18
14             17
9              16
12             15
11             13
3              8
7              5
6              4
10             2
=              =
8              13
=              =
               2
               1
               0
               20
               19
14             18
9              17
12             16
11             15
3              13
7              8
6              5
10             4
=              =
8              13
=              =
               2
               1
               0
               20
               19
9              18
12             17
11             16
3              15
7              13
6              8
10             5
14             4
=              =
8              13
=              =
               2
               1
               0
               20
               19
12             18
11             17
3              16
7              15
6              13
10             8
14             5
9              4
=              =
8              13
=              =
               2
               1
               0
               20
               19
11             18
3              17
7              16
6              15
10             13
14             8
9              5
12             4
=              =
8              13
=              =
               2
               1
               0
               20
               19
3              18
7              17
6              16
10             15
14             13
9              8
12             5
11             4
=              =
8              13
=              =
               3
               2
               1
               0
               20
               19
               18
7              17
6              16
10             15
14             13
9              8
12             5
11             4
=              =
7              14
=              =
               2
               1
               0
               20
               19
               18
               17
7              16
6              15
10             13
14             8
9              5
12             4
11             3
=              =
7              14
=              =
               1
               0
               20
               19
               18
               17
               16
7              15
6              13
10             8
14             5
9              4
12             3
11             2
=              =
7              14
=              =
               0
               20
               19
               18
               17
               16
               15
7              13
6              8
10             5
14             4
9              3
12             2
11             1
=              =
7              14
=              =
               20
               19
               18
               17
               16
               15
               13
7              8
6              5
10             4
14             3
9              2
12             1
11             0
=              =
7              14
=              =
               0
               20
               19
               18
               17
               16
               15
7              13
6              8
10             5
14             4
9              3
12             2
11             1
=              =
7              14
=              =
               1
               0
               20
               19
               18
               17
               16
7              15
6              13
10             8
14             5
9              4
12             3
11             2
=              =
7              14
=              =
               2
               1
               0
               20
               19
               18
               17
7              16
6              15
10             13
14             8
9              5
12             4
11             3
=              =
7              14
=              =
               3
               2
               1
               0
               20
               19
               18
7              17
6              16
10             15
14             13
9              8
12             5
11             4
=              =
7              14
=              =
               4
               3
               2
               1
               0
               20
               19
7              18
6              17
10             16
14             15
9              13
12             8
11             5
=              =
7              14
=              =
               5
               4
               3
               2
               1
               0
               20
7              19
6              18
10             17
14             16
9              15
12             13
11             8
=              =
7              14
=              =
               7
               5
               4
               3
               2
               1
               0
               20
               19
6              18
10             17
14             16
9              15
12             13
11             8
=              =
6              15
=              =
               5
               4
               3
               2
               1
               0
               20
               19
               18
6              17
10             16
14             15
9              13
12             8
11             7
=              =
6              15
=              =
               4
               3
               2
               1
               0
               20
               19
               18
               17
6              16
10             15
14             13
9              8
12             7
11             5
=              =
6              15
=              =
               3
               2
               1
               0
               20
               19
               18
               17
               16
6              15
10             13
14             8
9              7
12             5
11             4
=              =
6              15
=              =
               2
               1
               0
               20
               19
               18
               17
               16
               15
6              13
10             8
14             7
9              5
12             4
11             3
=              =
6              15
=              =
               1
               0
               20
               19
               18
               17
               16
               15
               13
6              8
10             7
14             5
9              4
12             3
11             2
=              =
6              15
=              =
               0
               20
               19
               18
               17
               16
               15
               13
               8
6              7
10             5
14             4
9              3
12             2
11             1
=              =
6              15
=              =
               20
               19
               18
               17
               16
               15
               13
               8
               7
6              5
10             4
14             3
9              2
12             1
11             0
=              =
6              15
=              =
               0
               20
               19
               18
               17
               16
               15
               13
               8
6              7
10             5
14             4
9              3
12             2
11             1
=              =
6              15
=              =
               1
               0
               20
               19
               18
               17
               16
               15
               13
6              8
10             7
14             5
9              4
12             3
11             2
=              =
6              15
=              =
               2
               1
               0
               20
               19
               18
               17
               16
               15
6              13
10             8
14             7
9              5
12             4
11             3
=              =
6              15
=              =
               3
               2
               1
               0
               20
               19
               18
               17
               16
6              15
10             13
14             8
9              7
12             5
11             4
=              =
6              15
=              =
               4
               3
               2
               1
               0
               20
               19
               18
               17
6              16
10             15
14             13
9              8
12             7
11             5
=              =
6              15
=              =
               5
               4
               3
               2
               1
               0
               20
               19
               18
6              17
10             16
14             15
9              13
12             8
11             7
=              =
6              15
=              =
               6
               5
               4
               3
               2
               1
               0
               20
               19
               18
               17
10             16
14             15
9              13
12             8
11             7
=              =
5              16
=              =
               5
               4
               3
               2
               1
               0
               20
               19
               18
               17
               16
10             15
14             13
9              8
12             7
11             6
=              =
5              16
=              =
               4
               3
               2
               1
               0
               20
               19
               18
               17
               16
               15
10             13
14             8
9              7
12             6
11             5
=              =
5              16
=              =
               3
               2
               1
               0
               20
               19
               18
               17
               16
               15
               13
10             8
14             7
9              6
12             5
11             4
=              =
5              16
=              =
               2
               1
               0
               20
               19
               18
               17
               16
               15
               13
               8
10             7
14             6
9              5
12             4
11             3
=              =
5              16
=              =
               1
               0
               20
               19
               18
               17
               16
               15
               13
               8
               7
10             6
14             5
9              4
12             3
11             2
=              =
5              16
=              =
               0
               20
               19
               18
               17
               16
               15
               13
               8
               7
               6
10             5
14             4
9              3
12             2
11             1
=              =
5              16
=              =
               20
               19
               18
               17
               16
               15
               13
               8
               7
               6
               5
10             4
14             3
9              2
12             1
11             0
=              =
5              16
=              =
               19
               18
               17
               16
               15
               13
               8
               7
               6
               5
               4
14             3
9              2
12             1
11             0
10             20
=              =
5              16
=              =
               18
               17
               16
               15
               13
               8
               7
               6
               5
               4
               3
14             2
9              1
12             0
11             20
10             19
=              =
5              16
=              =
               17
               16
               15
               13
               8
               7
               6
               5
               4
               3
               2
14             1
9              0
12             20
11             19
10             18
=              =
5              16
=              =
               16
               15
               13
               8
               7
               6
               5
               4
               3
               2
               1
14             0
9              20
12             19
11             18
10             17
=              =
5              16
=              =
               15
               13
               8
               7
               6
               5
               4
               3
               2
               1
               0
14             20
9              19
12             18
11             17
10             16
=              =
5              16
=              =
               13
               8
               7
               6
               5
               4
               3
               2
               1
               0
               20
14             19
9              18
12             17
11             16
10             15
=              =
5              16
=              =
               14
               13
               8
               7
               6
               5
               4
               3
               2
               1
               0
               20
               19
9              18
12             17
11             16
10             15
=              =
4              17
=              =
               15
               14
               13
               8
               7
               6
               5
               4
               3
               2
               1
               0
               20
9              19
12             18
11             17
10             16
=              =
4              17
=              =
               16
               15
               14
               13
               8
               7
               6
               5
               4
               3
               2
               1
               0
9              20
12             19
11             18
10             17
=              =
4              17
=              =
               17
               16
               15
               14
               13
               8
               7
               6
               5
               4
               3
               2
               1
9              0
12             20
11             19
10             18
=              =
4              17
=              =
               18
               17
               16
               15
               14
               13
               8
               7
               6
               5
               4
               3
               2
9              1
12             0
11             20
10             19
=              =
4              17
=              =
               19
               18
               17
               16
               15
               14
               13
               8
               7
               6
               5
               4
               3
9              2
12             1
11             0
10             20
=              =
4              17
=              =
               20
               19
               18
               17
               16
               15
               14
               13
               8
               7
               6
               5
               4
9              3
12             2
11             1
10             0
=              =
4              17
=              =
               19
               18
               17
               16
               15
               14
               13
               8
               7
               6
               5
               4
               3
9              2
12             1
11             0
10             20
=              =
4              17
=              =
               18
               17
               16
               15
               14
               13
               8
               7
               6
               5
               4
               3
               2
9              1
12             0
11             20
10             19
=              =
4              17
=              =
               17
               16
               15
               14
               13
               8
               7
               6
               5
               4
               3
               2
               1
9              0
12             20
11             19
10             18
=              =
4              17
=              =
               16
               15
               14
               13
               8
               7
               6
               5
               4
               3
               2
               1
               0
9              20
12             19
11             18
10             17
=              =
4              17
=              =
               15
               14
               13
               8
               7
               6
               5
               4
               3
               2
               1
               0
               20
9              19
12             18
11             17
10             16
=              =
4              17
=              =
               14
               13
               8
               7
               6
               5
               4
               3
               2
               1
               0
               20
               19
9              18
12             17
11             16
10             15
=              =
4              17
=              =
               13
               8
               7
               6
               5
               4
               3
               2
               1
               0
               20
               19
               18
9              17
12             16
11             15
10             14
=              =
4              17
=              =
               8
               7
               6
               5
               4
               3
               2
               1
               0
               20
               19
               18
               17
9              16
12             15
11             14
10             13
=              =
4              17
=              =
               9
               8
               7
               6
               5
               4
               3
               2
               1
               0
               20
               19
               18
               17
               16
12             15
11             14
10             13
=              =
3              18
=              =
               13
               9
               8
               7
               6
               5
               4
               3
               2
               1
               0
               20
               19
               18
               17
12             16
11             15
10             14
=              =
3              18
=              =
               14
               13
               9
               8
               7
               6
               5
               4
               3
               2
               1
               0
               20
               19
               18
12             17
11             16
10             15
=              =
3              18
=              =
               15
               14
               13
               9
               8
               7
               6
               5
               4
               3
               2
               1
               0
               20
               19
12             18
11             17
10             16
=              =
3              18
=              =
               16
               15
               14
               13
               9
               8
               7
               6
               5
               4
               3
               2
               1
               0
               20
12             19
11             18
10             17
=              =
3              18
=              =
               17
               16
               15
               14
               13
               9
               8
               7
               6
               5
               4
               3
               2
               1
               0
12             20
11             19
10             18
=              =
3              18
=              =
               18
               17
               16
               15
               14
               13
               9
               8
               7
               6
               5
               4
               3
               2
               1
12             0
11             20
10             19
=              =
3              18
=              =
               19
               18
               17
               16
               15
               14
               13
               9
               8
               7
               6
               5
               4
               3
               2
12             1
11             0
10             20
=              =
3              18
=              =
               20
               19
               18
               17
               16
               15
               14
               13
               9
               8
               7
               6
               5
               4
               3
12             2
11             1
10             0
=              =
3              18
=              =
               19
               18
               17
               16
               15
               14
               13
               9
               8
               7
               6
               5
               4
               3
               2
12             1
11             0
10             20
=              =
3              18
=              =
               18
               17
               16
               15
               14
               13
               9
               8
               7
               6
               5
               4
               3
               2
               1
12             0
11             20
10             19
=              =
3              18
=              =
               17
               16
               15
               14
               13
               9
               8
               7
               6
               5
               4
               3
               2
               1
               0
12             20
11             19
10             18
=              =
3              18
=              =
               16
               15
               14
               13
               9
               8
               7
               6
               5
               4
               3
               2
               1
               0
               20
12             19
11             18
10             17
=              =
3              18
=              =
               15
               14
               13
               9
               8
               7
               6
               5
               4
               3
               2
               1
               0
               20
               19
12             18
11             17
10             16
=              =
3              18
=              =
               14
               13
               9
               8
               7
               6
               5
               4
               3
               2
               1
               0
               20
               19
               18
12             17
11             16
10             15
=              =
3              18
=              =
               13
               9
               8
               7
               6
               5
               4
               3
               2
               1
               0
               20
               19
               18
               17
12             16
11             15
10             14
=              =
3              18
=              =
               9
               8
               7
               6
               5
               4
               3
               2
               1
               0
               20
               19
               18
               17
               16
12             15
11             14
10             13
=              =
3              18
=              =
               12
               9
               8
               7
               6
               5
               4
               3
               2
               1
               0
               20
               19
               18
               17
               16
               15
11             14
10             13
=              =
2              19
=              =
               13
               12
               9
               8
               7
               6
               5
               4
               3
               2
               1
               0
               20
               19
               18
               17
               16
11             15
10             14
=              =
2              19
=              =
               14
               13
               12
               9
               8
               7
               6
               5
               4
               3
               2
               1
               0
               20
               19
               18
               17
11             16
10             15
=              =
2              19
=              =
               15
               14
               13
               12
               9
               8
               7
               6
               5
               4
               3
               2
               1
               0
               20
               19
               18
11             17
10             16
=              =
2              19
=              =
               16
               15
               14
               13
               12
               9
               8
               7
               6
               5
               4
               3
               2
               1
               0
               20
               19
11             18
10             17
=              =
2              19
=              =
               17
               16
               15
               14
               13
               12
               9
               8
               7
               6
               5
               4
               3
               2
               1
               0
               20
11             19
10             18
=              =
2              19
=              =
               18
               17
               16
               15
               14
               13
               12
               9
               8
               7
               6
               5
               4
               3
               2
               1
               0
11             20
10             19
=              =
2              19
=              =
               19
               18
               17
               16
               15
               14
               13
               12
               9
               8
               7
               6
               5
               4
               3
               2
               1
11             0
10             20
=              =
2              19
=              =
               20
               19
               18
               17
               16
               15
               14
               13
               12
               9
               8
               7
               6
               5
               4
               3
               2
11             1
10             0
=              =
2              19
=              =
               19
               18
               17
               16
               15
               14
               13
               12
               9
               8
               7
               6
               5
               4
               3
               2
               1
11             0
10             20
=              =
2              19
=              =
               18
               17
               16
               15
               14
               13
               12
               9
               8
               7
               6
               5
               4
               3
               2
               1
               0
11             20
10             19
=              =
2              19
=              =
               17
               16
               15
               14
               13
               12
               9
               8
               7
               6
               5
               4
               3
               2
               1
               0
               20
11             19
10             18
=              =
2              19
=              =
               16
               15
               14
               13
               12
               9
               8
               7
               6
               5
               4
               3
               2
               1
               0
               20
               19
11             18
10             17
=              =
2              19
=              =
               15
               14
               13
               12
               9
               8
               7
               6
               5
               4
               3
               2
               1
               0
               20
               19
               18
11             17
10             16
=              =
2              19
=              =
               14
               13
               12
               9
               8
               7
               6
               5
               4
               3
               2
               1
               0
               20
               19
               18
               17
11             16
10             15
=              =
2              19
=              =
               13
               12
               9
               8
               7
               6
               5
               4
               3
               2
               1
               0
               20
               19
               18
               17
               16
11             15
10             14
=              =
2              19
=              =
               12
               9
               8
               7
               6
               5
               4
               3
               2
               1
               0
               20
               19
               18
               17
               16
               15
11             14
10             13
=              =
2              19
=              =
               9
               8
               7
               6
               5
               4
               3
               2
               1
               0
               20
               19
               18
               17
               16
               15
               14
11             13
10             12
=              =
2              19
=              =
               11
               9
               8
               7
               6
               5
               4
               3
               2
               1
               0
               20
               19
               18
               17
               16
               15
               14
               13
10             12
=              =
1              20
=              =
               12
               11
               9
               8
               7
               6
               5
               4
               3
               2
               1
               0
               20
               19
               18
               17
               16
               15
               14
10             13
=              =
1              20
=              =
               13
               12
               11
               9
               8
               7
               6
               5
               4
               3
               2
               1
               0
               20
               19
               18
               17
               16
               15
10             14
=              =
1              20
=              =
               14
               13
               12
               11
               9
               8
               7
               6
               5
               4
               3
               2
               1
               0
               20
               19
               18
               17
               16
10             15
=              =
1              20
=              =
               15
               14
               13
               12
               11
               9
               8
               7
               6
               5
               4
               3
               2
               1
               0
               20
               19
               18
               17
10             16
=              =
1              20
=              =
               16
               15
               14
               13
               12
               11
               9
               8
               7
               6
               5
               4
               3
               2
               1
               0
               20
               19
               18
10             17
=              =
1              20
=              =
               17
               16
               15
               14
               13
               12
               11
               9
               8
               7
               6
               5
               4
               3
               2
               1
               0
               20
               19
10             18
=              =
1              20
=              =
               18
               17
               16
               15
               14
               13
               12
               11
               9
               8
               7
               6
               5
               4
               3
               2
               1
               0
               20
10             19
=              =
1              20
=              =
               19
               18
               17
               16
               15
               14
               13
               12
               11
               9
               8
               7
               6
               5
               4
               3
               2
               1
               0
10             20
=              =
1              20
=              =
               20
               19
               18
               17
               16
               15
               14
               13
               12
               11
               9
               8
               7
               6
               5
               4
               3
               2
               1
10             0
=              =
1              20
=              =
               19
               18
               17
               16
               15
               14
               13
               12
               11
               9
               8
               7
               6
               5
               4
               3
               2
               1
               0
10             20
=              =
1              20
=              =
               18
               17
               16
               15
               14
               13
               12
               11
               9
               8
               7
               6
               5
               4
               3
               2
               1
               0
               20
10             19
=              =
1              20
=              =
               17
               16
               15
               14
               13
               12
               11
               9
               8
               7
               6
               5
               4
               3
               2
               1
               0
               20
               19
10             18
=              =
1              20
=              =
               16
               15
               14
               13
               12
               11
               9
               8
               7
               6
               5
               4
               3
               2
               1
               0
               20
               19
               18
10             17
=              =
1              20
=              =
               15
               14
               13
               12
               11
               9
               8
               7
               6
               5
               4
               3
               2
               1
               0
               20
               19
               18
               17
10             16
=              =
1              20
=              =
               14
               13
               12
               11
               9
               8
               7
               6
               5
               4
               3
               2
               1
               0
               20
               19
               18
               17
               16
10             15
=              =
1              20
=              =
               13
               12
               11
               9
               8
               7
               6
               5
               4
               3
               2
               1
               0
               20
               19
               18
               17
               16
               15
10             14
=              =
1              20
=              =
               12
               11
               9
               8
               7
               6
               5
               4
               3
               2
               1
               0
               20
               19
               18
               17
               16
               15
               14
10             13
=              =
1              20
=              =
               11
               9
               8
               7
               6
               5
               4
               3
               2
               1
               0
               20
               19
               18
               17
               16
               15
               14
               13
10             12
=              =
1              20
=              =
               9
               8
               7
               6
               5
               4
               3
               2
               1
               0
               20
               19
               18
               17
               16
               15
               14
               13
               12
10             11
=              =
1              20
=              =
               10
               9
               8
               7
               6
               5
               4
               3
               2
               1
               0
               20
               19
               18
               17
               16
               15
               14
               13
               12
               11
=              =
0              21
=              =
               11
               10
               9
               8
               7
               6
               5
               4
               3
               2
               1
               0
               20
               19
               18
               17
               16
               15
               14
               13
               12
=              =
0              21
=              =
               12
               11
               10
               9
               8
               7
               6
               5
               4
               3
               2
               1
               0
               20
               19
               18
               17
               16
               15
               14
               13
=              =
0              21
=              =
               13
               12
               11
               10
               9
               8
               7
               6
               5
               4
               3
               2
               1
               0
               20
               19
               18
               17
               16
               15
               14
=              =
0              21
=              =
               14
               13
               12
               11
               10
               9
               8
               7
               6
               5
               4
               3
               2
               1
               0
               20
               19
               18
               17
               16
               15
=              =
0              21
=              =
               15
               14
               13
               12
               11
               10
               9
               8
               7
               6
               5
               4
               3
               2
               1
               0
               20
               19
               18
               17
               16
=              =
0              21
=              =
               16
               15
               14
               13
               12
               11
               10
               9
               8
               7
               6
               5
               4
               3
               2
               1
               0
               20
               19
               18
               17
=              =
0              21
=              =
               17
               16
               15
               14
               13
               12
               11
               10
               9
               8
               7
               6
               5
               4
               3
               2
               1
               0
               20
               19
               18
=              =
0              21
=              =
               18
               17
               16
               15
               14
               13
               12
               11
               10
               9
               8
               7
               6
               5
               4
               3
               2
               1
               0
               20
               19
=              =
0              21
=              =
               19
               18
               17
               16
               15
               14
               13
               12
               11
               10
               9
               8
               7
               6
               5
               4
               3
               2
               1
               0
               20
=              =
0              21
=              =
               20
               19
               18
               17
               16
               15
               14
               13
               12
               11
               10
               9
               8
               7
               6
               5
               4
               3
               2
               1
               0
=              =
0              21
=              =
               19
               18
               17
               16
               15
               14
               13
               12
               11
               10
               9
               8
               7
               6
               5
               4
               3
               2
               1
20             0
=              =
1              20
=              =
               18
               17
               16
               15
               14
               13
               12
               11
               10
               9
               8
               7
               6
               5
               4
               3
               2
19             1
20             0
=              =
2              19
=              =
               17
               16
               15
               14
               13
               12
               11
               10
               9
               8
               7
               6
               5
               4
               3
18             2
19             1
20             0
=              =
3              18
=              =
               16
               15
               14
               13
               12
               11
               10
               9
               8
               7
               6
               5
               4
17             3
18             2
19             1
20             0
=              =
4              17
=              =
               15
               14
               13
               12
               11
               10
               9
               8
               7
               6
               5
16             4
17             3
18             2
19             1
20             0
=              =
5              16
=              =
               14
               13
               12
               11
               10
               9
               8
               7
               6
15        OK
     5
16             4
17             3
18             2
19             1
20             0
=              =
6              15
=              =
               13
               12
               11
               10
               9
               8
               7
14             6
15             5
16             4
17             3
18             2
19             1
20             0
=              =
7              14
=              =
               12
               11
               10
               9
               8
13             7
14             6
15             5
16             4
17             3
18             2
19             1
20             0
=              =
8              13
=              =
               11
               10
               9
12             8
13             7
14             6
15             5
16             4
17             3
18             2
19             1
20             0
=              =
9              12
=              =
               10
11             9
12             8
13             7
14             6
15             5
16             4
17             3
18             2
19             1
20             0
==             ==
10             11
==             ==
10
11             9
12             8
13             7
14             6
15             5
16             4
17             3
18             2
19             1
20             0
==             ==
11             10
==             ==
9
10
11
12             8
13             7
14             6
15             5
16             4
17             3
18             2
19             1
20             0
==             ==
12             9
==             ==
8
9
10
11
12
13             7
14             6
15             5
16             4
17             3
18             2
19             1
20             0
==             ==
13             8
==             ==
7
8
9
10
11
12
13
14             6
15             5
16             4
17             3
18             2
19             1
20             0
==             ==
14             7
==             ==
6
7
8
9
10
11
12
13
14
15             5
16             4
17             3
18             2
19             1
20             0
==             ==
15             6
==             ==
5
6
7
8
9
10
11
12
13
14
15
16             4
17             3
18             2
19             1
20             0
==             ==
16             5
==             ==
4
5
6
7
8
9
10
11
12
13
14
15
16
17             3
18             2
19             1
20             0
==             ==
17             4
==             ==
3
4
5
6
7
8
9
10
11
12
13
14
15
16
17
18             2
19             1
20             0
==             ==
18             3
==             ==
2
3
4
5
6
7
8
9
10
11
12
13
14
15
16
17
18
19             1
20             0
==             ==
19             2
==             ==
1
2
3
4
5
6
7
8
9
10
11
12
13
14
15
16
17
18
19
20             0
==             ==
20             1
==             ==
0
1
2
3
4
5
6
7
8
9
10
11
12
13
14
15
16
17
18
19
20
==             ==
21             0
==             ==
